-------------------------------------------------------------------------------------------------------------------------------------------------------------------------------------------------
Métodos Ordenação    | Arquivo Ordenado                                       | Arquivo em Ordem Reversa                               | Arquivo Randômico                                      |
                     | Comp.Prog. Comp.Equa. Mov.Prog.  Mov.Equa.  Tempo      | Comp.Prog. Comp.Equa. Mov.Prog.  Mov.Equa.  Tempo      | Comp.Prog. Comp.Equa. Mov.Prog.  Mov.Equa.  Tempo      |
-------------------------------------------------------------------------------------------------------------------------------------------------------------------------------------------------
Inserção Direta      | 1023       1023       0          3069       3          | 524799     262399     524799     525822     2019       | 256518     262399     256512     264445     1017       |
-------------------------------------------------------------------------------------------------------------------------------------------------------------------------------------------------
Inserção Binária     | 10240      9274       1023       3069       20         | 9738       9274       524799     525822     2063       | 9454       9274       256959     264445     1003       |
-------------------------------------------------------------------------------------------------------------------------------------------------------------------------------------------------
Seleção              | 523776     523776     0          3069       913        | 523776     523776     1024       265213     902        | 523776     523776     2036       7688       911        |
-------------------------------------------------------------------------------------------------------------------------------------------------------------------------------------------------
Bolha                | 1023       1023       0          0          3          | 523776     523776     1047552    1571328    3981       | 523500     523776     510990     785664     2882       |
-------------------------------------------------------------------------------------------------------------------------------------------------------------------------------------------------
Shake                | 1023       1023       0          0          3          | 523776     523776     1045508    1571328    3982       | 388836     523776     510634     785664     2418       |
-------------------------------------------------------------------------------------------------------------------------------------------------------------------------------------------------
Heap                 | 524288     0          18684      0          1852       | 524288     0          16916      0          1827       | 524288     0          18656      0          1837       |
-------------------------------------------------------------------------------------------------------------------------------------------------------------------------------------------------
Shell                | 5601       0          5601       0          30         | 10031      0          10031      0          45         | 13975      0          13975      0          62         |
-------------------------------------------------------------------------------------------------------------------------------------------------------------------------------------------------
Quick s/ pivô        | 524799     0          0          0          898        | 525311     0          1024       0          895        | 16361      0          7214       0          50         |
-------------------------------------------------------------------------------------------------------------------------------------------------------------------------------------------------
Quick c/ pivô        | 9228       0          1024       0          18         | 9238       0          2048       0          20         | 13855      0          5884       0          38         |
-------------------------------------------------------------------------------------------------------------------------------------------------------------------------------------------------
Merge 1ª implement   | 9217       0          10240      0          95         | 9217       0          10240      0          95         | 8918       0          10240      0          95         |
-------------------------------------------------------------------------------------------------------------------------------------------------------------------------------------------------
Merge 2ª implement   | 5120       0          20480      0          79         | 5120       0          20480      0          79         | 8934       0          20480      0          79         |
-------------------------------------------------------------------------------------------------------------------------------------------------------------------------------------------------
Counting             | 1024       0          2048       0          11         | 1024       0          2048       0          11         | 1024       0          2048       0          11         |
-------------------------------------------------------------------------------------------------------------------------------------------------------------------------------------------------
Bucket               | 1024       0          1024       0          13         | 1024       0          1024       0          75         | 1024       0          1024       0          45         |
-------------------------------------------------------------------------------------------------------------------------------------------------------------------------------------------------
Radix                | 1024       0          8192       0          39         | 1024       0          8192       0          39         | 1024       0          6144       0          30         |
-------------------------------------------------------------------------------------------------------------------------------------------------------------------------------------------------
Comb                 | 19168      0          0          0          65         | 19168      0          3284       0          72         | 19168      0          8450       0          83         |
-------------------------------------------------------------------------------------------------------------------------------------------------------------------------------------------------
Gnome                | 1023       0          0          0          3          | 1047552    0          1047552    0          5740       | 512006     0          510990     0          2832       |
-------------------------------------------------------------------------------------------------------------------------------------------------------------------------------------------------
Tim                  | 3552       0          10240      0          42         | 19424      0          27104      0          102        | 14061      0          19147      0          75         |
-------------------------------------------------------------------------------------------------------------------------------------------------------------------------------------------------
